60  128
0	3500	6700
1	3700	8000
2	2500	3000
3	7000	12000
4	3000	8000
5	2000	6000
6	4500	6000
7	3500	4000
8	2000	10000
9	3000	10000
10	4750	9550
11	2570	4500
12	3000	6000
13	2570	8000
14	150	    8520
15	200	    2000
16	500	    4550
17	0       0
18	1550	2550
19	1000	6505
20	6000	6500
21	5500	5500
22	7500	2000
23	5000	4500
24	6000	2000
25	6500	4500
26	3500	12000
27	4000	6500
28	4100	8200
29	4000	10000
30	1000	4000
31	1500	4500
32	2000	4000
33	2200	5500
34	3000	4000
35	3500	6000
36	5200	7800
37	5000	10500
38	6000	11000
39	5500	7000
40	5500	9000
41	4500	11500
42	4000	5000
43	4500	4000
44	2500	10500
45	2000	7500
46	5500	8000
47	6500	10200
48	6700	11500
49	4580	8000
50	5550	9500
51	1500	7570
52	4555	10555
53	3500	2500
54	3000	2555
55	4500	5555
56	2222	8888
57	2555	6505
58	3777	5555
59	3750	8555

0   27
0   12
0   35
0   57
0   4
0   49
1   28
49  1
4   1
4   13
4   9
1   9
1   59
1   28
4   56
13  56
0   13
12  57
12  5
57  5
12  33
35  33
35  58
4   8
56  8
9   44
8   44
44  26
9   26
28  10
59  10
10  29
49  39
5   19
5   51
13  45
51  14
19  14
45  14
49  28
10  36
39  36
27  39
36  46
46  10
46  40
10  50
10  37
29  52
10  52
29  41
52  41
37  41
50  37
37  38
38  48
48  3
41  3
38  3
47  3
47  48
37  3
40  47
50  47
50  38
46  47
39  47
39  20
20  47
59  9
59  29
29  26
41  26
56  14
5   45
33  16
33  31
33  11
33  32
35  55
35  7
58  42
42  7
42  43
27  6
35  6
11  34
42  7
31  30
11  32
6   21
21  25
55  25
55  23
42  23
23  25
25  22
23  22
23  24
24  22
43  53
53  54
7   54
34  2
7   34
43  24
21  20
24  17
53  17
54  17
30  16
2   18
18  15
15  17
18  17
30  15
16  30
32  31
11  2
32  15
19  16
16  15
32  18
2   54
53  24
45  56
5   33
20  25